ZPrime2000_ee		0.0088432		1		19800		19800
ZPrime3000_ee		0.00080617		1		19600		19600
ZPrime4000_ee		0.00010351		1		19800		19800
ZPrime5000_ee		1.8319e-05		1		18000		18000
ZPrime2000_mumu		0.0088801		1		983000		983000
ZPrime3000_mumu		0.00080295		1		988000		988000
ZPrime4000_mumu		0.00010332		1		986000		986000
ZPrime5000_mumu		1.8334e-05		1		999000		999000
ZPrime400_tt		8.9857		1		199200		199200
ZPrime500_tt		8.7385		1		199600		199600
ZPrime750_tt		3.1201		1		199000		199000
ZPrime1000_tt		1.1261		1		199800		199800
ZPrime1250_tt		0.45981		1		199200		199200
ZPrime1500_tt		0.20685		1		198800		198800
ZPrime1750_tt		0.10016		1		199800		199800
ZPrime2000_tt		0.051346		1		199800		199800
ZPrime2250_tt		0.027481		1		199200		199200
ZPrime2500_tt		0.015226		1		198200		198200
ZPrime2750_tt		0.0086884		1		199800		199800
ZPrime3000_tt		0.0050843		1		195800		195800
RS_G_ZZ_llll_c10_m0200		1.86		1		29000		29000
RS_G_ZZ_llll_c10_m0500		0.02373		1		27000		27000
RS_G_ZZ_llll_c10_m1000		0.0004122		1		3000		3000
RS_G_ZZ_llll_c10_m1500		3.702e-05		1		30000		30000
RS_G_ZZ_llll_c10_m2000		5.7e-06		1		5000		5000
dmV_Zll_MET40_DM1_MM10		11.55		1		10000		10000
dmV_Zll_MET40_DM1_MM100		0.4682		1		10000		10000
dmV_Zll_MET40_DM1_MM200		0.1424		1		10000		10000
dmV_Zll_MET40_DM1_MM300		0.063965		1		10000		10000
dmV_Zll_MET40_DM1_MM400		0.031865		1		10000		10000
dmV_Zll_MET40_DM1_MM500		0.018275		1		10000		10000
dmV_Zll_MET40_DM1_MM600		0.01136		1		10000		10000
dmV_Zll_MET40_DM1_MM700		0.007416		1		10000		10000
dmV_Zll_MET40_DM1_MM800		0.005016		1		10000		10000
dmV_Zll_MET40_DM1_MM2000		0.0001636		1		10000		10000
GG_ttn1_1200_5000_1		0.057037		1		101591.347734		100000
GG_ttn1_1200_5000_600		0.057002		1		101591.282303		100000
GG_ttn1_1400_5000_1		0.015756		1		101197.830825		100000
GG_ttn1_1600_5000_1		0.004747		1		99850.3055654		99000
TT_directTT_450_1		0.88424		1		52247.301193		50000
TT_directTT_500_1		0.46603		1		20793.7352104		20000
TT_directTT_500_200		0.46702		1		51998.4134001		50000
TT_directTT_600_1		0.15518		1		50709.6451392		49000
C1N2_WZ_100p0_0p0_3L_2L7		15.82879625		1		21798.5046117		20000
C1N2_WZ_350p0_0p0_3L_2L7		0.1418528975		1		10346.0705611		10000
C1N2_WZ_400p0_0p0_3L_2L7		0.080689712		1		10327.8154224		10000
C1N2_WZ_500p0_0p0_3L_2L7		0.0301334215		1		5130.27250254		5000
C1N2_WZ_500p0_100p0_2L2J_2L7		0.025481788		1		5123.94193453		5000
C1N2_WZ_300p0_100p0_2L2J_2L7		0.2182152585		1		10419.6442093		10000
C1N2_WZ_300p0_200p0_2L2J_2L7		0.218912097		1		10414.1419529		10000
C1N2_WZ_400p0_0p0_2L2J_2L7		0.068632923		1		10324.0226582		10000
C1N2_WZ_500p0_0p0_2L2J_2L7		0.0257187712		1		5135.2308228		5000
C1N2_WZ_400p0_300p0_2L2J_2L7		0.067068856		1		10318.5426682		10000
C1N2_WZ_100p0_0p0_2L2J_2L7		12.3557577		1		21807.0756063		20000
C1N2_WZ_200p0_100p0_2L2J_2L7		0.3120280476		1		21100.6583921		20000
C1N2_WZ_500p0_300p0_2L2J_2L7		0.0255630137		1		5136.04743809		5000
C1N2_WZ_600_100_2L2J_2L7		0.0110981746		1		5130.17177922		5000
C1N2_WZ_600_0_2L2J_2L7		0.01106208		1		5115.96802914		5000
C1N2_WZ_700_400_2L2J_2L7		0.00518059472		1		4069.40415132		4000
C1N2_WZ_700_100_2L2J_2L7		0.00511756038		1		5093.62593496		5000
C1N2_WZ_700_0_2L2J_2L7		0.0052089336		1		5100.51524758		5000
C1C1_SlepSnu_x0p50_200p0_100p0_2L8		0.438382903		1		26095.2892522		25000
C1C1_SlepSnu_x0p50_200p0_150p0_2L8		0.3788318576		1		14610.1961992		14000
C1C1_SlepSnu_x0p50_300p0_100p0_2L8		0.0999784056		1		24769.4974021		24000
C1C1_SlepSnu_x0p50_300p0_250p0_2L8		0.080525632		1		14461.581905		14000
C1C1_SlepSnu_x0p50_400p0_100p0_2L8		0.0311401198		1		25655.2504594		25000
C1C1_SlepSnu_x0p50_400p0_300p0_2L8		0.0285856272		1		25632.581066		25000
C1C1_SlepSnu_x0p50_500p0_300p0_2L8		0.0114399795		1		25567.3058318		25000
C1C1_SlepSnu_x0p50_600p0_300p0_2L8		0.004885755904		1		25472.8026792		25000
C1C1_SlepSnu_x0p50_700p0_1p0_2L8		0.00231816666		1		25410.7097093		25000
C1C1_SlepSnu_x0p50_700p0_300p0_2L8		0.002285652872		1		25397.7880948		25000
SlepSlep_direct_100p5_1p0_2L8		0.806723		1		12744.8491732		10000
SlepSlep_direct_200p5_1p0_2L8		0.06466635		1		9384.14328927		8000
SlepSlep_direct_300p5_1p0_2L8		0.01244275305		1		11199.5583518		10000
SlepSlep_direct_500p5_1p0_2L8		0.001223162955		1		9692.91836751		9000
SlepSlep_direct_100p0_50p0_2L8		0.81656133		1		12817.7130976		10000
SlepSlep_direct_200p0_100p0_2L8		0.064644393		1		11683.0100918		10000
SlepSlep_direct_500p0_100p0_2L8		0.001229322225		1		10774.6592166		10000
SlepSlep_direct_300p0_200p0_2L8		0.01243520595		1		11237.8868441		10000
SlepSlep_direct_400p0_300p0_2L8		0.0034380269		1		10944.9245315		10000
SlepSlep_direct_500p0_300p0_2L8		0.00121170732		1		10772.8356151		10000
SlepSlep_direct_600p0_1p0_2L8		0.0004647888015		1		10448.2514935		10000
SlepSlep_direct_600p0_300p0_2L8		0.000464769511		1		10457.5703245		10000
SlepSlep_direct_700p0_1p0_2L8		0.000204735222		1		10367.2338168		10000
SlepSlep_direct_700p0_300p0_2L8		0.000204884372		1		10370.1994236		10000
ttH125_gamgam		2.6433864e-06		1		485440		927400
ggH125_gamgam		0.102		1		55922617.6297		1976000
VBFH125_gamgam		0.008518764		1		3441426.13711		921000
WpH125J_Wincl_gamgam		0.0019654512		1		213799.958463		248000
ZH125J_Zincl_gamgam		0.0017347836		1		358401.082034		471000
ggH125_tautaull		0.3407921994		1		20207228.675		1522300
VBFH125_tautaull		0.02906767389		1		2078800		2078800
ggH125_tautaulh		1.262373851		1		46547831.1387		1446900
VBFH125_tautaulh		0.1078731107		1		2087900		2087900
ZH125_ZZ4lep		2.1424784e-06		1		150000		150000
WH125_ZZ4lep		0.0003769		1		149400		149400
VBFH125_ZZ4lep		0.0004633012		1		3680490.83243		985000
ggH125_ZZ4lep		0.0060239		1		27881776.6536		985000
VBFH125_WW2lep		0.02020229148		1		4389990.08913		1175000
ggH125_WW2lep		0.1481173588		1		55832659.6908		1972000
WpH125J_qqWW2lep		0.009137412		1		212083.006669		246000
WpH125J_lvWW2lep		0.002953584		1		27654.9427524		99000
ZH125J_qqWW2lep		0.008065858		1		186418.164907		245000
ZH125J_llWW2lep		0.0008078684		1		22685.3119437		297000
ZH125J_vvWW2lep		0.00159106		1		29701.769871		198000
Zee_PTV0_70_CVetoBVeto		1587.021595		1		5307644.52827		7900000
Zee_PTV0_70_CFilterBVeto		219.9958116		1		2839137.81561		4940500
Zee_PTV0_70_BFilter		127.0857614		1		4053053.52848		7883600
Zee_PTV70_140_CVetoBVeto		74.90381742		1		2149611.09271		5885000
Zee_PTV70_140_CFilterBVeto		20.3159891		1		715162.089738		1972600
Zee_PTV70_140_BFilter		12.73880801		1		2043192.28295		5855000
Zee_PTV140_280_CVetoBVeto		24.44184978		1		2966342.61469		4949000
Zee_PTV140_280_CFilterBVeto		9.237605979		1		1949820.29674		2922600
Zee_PTV140_280_BFilter		6.081254464		1		8328729.48708		12010900
Zee_PTV280_500_CVetoBVeto		4.796836771		1		1665734.2346		1932800
Zee_PTV280_500_CFilterBVeto		2.249186051		1		908261.497964		988900
Zee_PTV280_500_BFilter		1.49219843		1		1854184.55614		1976850
Zee_PTV500_1000		1.76415092		1		2942740.91362		2973000
Zee_PTV1000_E_CMS		0.145046125		1		1004312.18015		988000
Zmumu_PTV0_70_CVetoBVeto		1588.474174		1		5319367.44387		7891000
Zmumu_PTV0_70_CFilterBVeto		219.4826028		1		2834664.0856		4917000
Zmumu_PTV0_70_BFilter		127.1303743		1		4078710.85229		7902000
Zmumu_PTV70_140_CVetoBVeto		73.36940289		1		2143575.01278		5917000
Zmumu_PTV70_140_CFilterBVeto		20.90606833		1		722736.703003		1969800
Zmumu_PTV70_140_BFilter		12.50542972		1		2053470.59226		5900600
Zmumu_PTV140_280_CVetoBVeto		23.43735064		1		2940060.231		4943000
Zmumu_PTV140_280_CFilterBVeto		9.145130781		1		1961708.95573		2954400
Zmumu_PTV140_280_BFilter		6.076989874		1		8276965.60895		11924400
Zmumu_PTV280_500_CVetoBVeto		4.657367095		1		1705022.00352		1973000
Zmumu_PTV280_500_CFilterBVeto		2.214827532		1		906361.047826		986000
Zmumu_PTV280_500_BFilter		1.468357812		1		1854208.83636		1971400
Zmumu_PTV500_1000		1.74260121		1		2944710.97814		2960500
Zmumu_PTV1000_E_CMS		0.14392476		1		1007977.7298		988000
Ztautau_PTV0_70_CVetoBVeto		1612.531483		1		5322698.33479		7907000
Ztautau_PTV0_70_CFilterBVeto		211.7088872		1		2848153.01809		4941000
Ztautau_PTV0_70_BFilter		127.0915597		1		4060541.5209		7890600
Ztautau_PTV70_140_CVetoBVeto		74.70740605		1		2168444.60741		5935500
Ztautau_PTV70_140_CFilterBVeto		20.50813626		1		717613.996532		1961200
Ztautau_PTV70_140_BFilter		11.96510571		1		2071490.99782		5912550
Ztautau_PTV140_280_CVetoBVeto		24.57266372		1		2969289.71879		4956000
Ztautau_PTV140_280_CFilterBVeto		9.301821784		1		1983172.64602		2973000
Ztautau_PTV140_280_BFilter		6.192971739		1		3430451.22731		4932950
Ztautau_PTV280_500_CVetoBVeto		4.759698353		1		1613067.78257		1923000
Ztautau_PTV280_500_CFilterBVeto		2.236223236		1		905387.206237		986000
Ztautau_PTV280_500_BFilter		1.491840072		1		1853029.9701		1974950
Ztautau_PTV500_1000		1.76249325		1		2725664.32001		2744800
Ztautau_PTV1000_E_CMS		0.144568326		1		997974.838867		980000
ZqqZll		2.20355112		1		3439266.11559		5317000
WqqZll		3.4328		1		241438.72705		5124000
WpqqWmlv		24.708		1		998250.783475		6673000
WplvWmqq		24.724		1		1069526.41899		7115000
WlvZqq		11.42		1		1111991.15979		7100000
llll		1.2578		1		7538705.8077		17825300
lllv		4.6049		1		5441475.00407		15772084
llvv		12.466		1		5039259.9696		14803000
lvvv		3.2286		1		1727991.07441		5922600
single_top_tchan		44.152		1		0.218165148808		4986200
single_antitop_tchan		26.276		1		0.128694693283		4989800
single_top_schan		2.06121		1		0.00204856751068		997800
single_antitop_schan		1.288662		1		0.00125651986173		995400
single_top_wtchan		35.845486		1		4865800		4985800
single_antitop_wtchan		35.824406		1		4945600		4985600
ttbar_lep		452.693559		1		49386600		49386600
ttW		0.60084912		1		4075279.75386		None
ttee		0.0412888		1		51968.9384584		None
ttmumu		0.04129216		1		52007.5311319		None
Wplusenu		11500.4632		1		473389396815		41870000
Wplusmunu		11500.4632		1		446507925520		39493600
Wplustaunu		11500.4632		1		670928468875		59343600
Wminusenu		8579.63498		1		247538642447		29886000
Wminusmunu		8579.63498		1		264338188182		31915400
Wminustaunu		8579.63498		1		165195850954		19945400
Zee		1950.5295		1		150277594200		79045597
Zmumu		1950.6321		1		147334691090		77497800
Ztautau		1950.6321		1		56171652547.3		29546000
Wenu_PTV0_70_BFilter		832.203758		1		10407897.8772		17242400
Wenu_PTV0_70_CFilterBVeto		2430.656322		1		5647044.71225		9853500
Wenu_PTV0_70_CVetoBVeto		15324.216356		1		16615214.8608		24740000
Wenu_PTV70_140_BFilter		94.875534		1		3980401.78673		9801900
Wenu_PTV70_140_CFilterBVeto		223.63946		1		3714792.41865		9813400
Wenu_PTV70_140_CVetoBVeto		618.6882		1		5359689.22316		14660500
Wenu_PTV140_280_BFilter		35.917295		1		18298138.5816		24677800
Wenu_PTV140_280_CFilterBVeto		96.277568		1		5263243.42582		7410000
Wenu_PTV140_280_CVetoBVeto		197.343129		1		6159276.028		9879000
Wenu_PTV280_500_BFilter		9.586345		1		2835314.68179		2958000
Wenu_PTV280_500_CFilterBVeto		22.36999		1		2778654.28759		2963400
Wenu_PTV280_500_CVetoBVeto		38.340533		1		4312357.01458		4923800
Wenu_PTV500_1000		14.598599		1		6003269.52809		5911800
Wenu_PTV1000_E_CMS		1.197518		1		4075236.23897		3947000
Wmunu_PTV0_70_BFilter		828.465384		1		10403012.6599		17226200
Wmunu_PTV0_70_CFilterBVeto		2431.204019		1		5643599.11526		9847000
Wmunu_PTV0_70_CVetoBVeto		15317.171239		1		16619290.3298		24723000
Wmunu_PTV70_140_BFilter		76.213179		1		7990084.35926		19639000
Wmunu_PTV70_140_CFilterBVeto		225.006704		1		3693885.78953		9853800
Wmunu_PTV70_140_CVetoBVeto		617.439593		1		5418398.88082		14788000
Wmunu_PTV140_280_BFilter		36.348467		1		18222434.0789		24585000
Wmunu_PTV140_280_CFilterBVeto		96.233222		1		5260811.17463		7408000
Wmunu_PTV140_280_CVetoBVeto		198.635592		1		6155495.28527		9882000
Wmunu_PTV280_500_BFilter		8.768196		1		2835707.22044		2959500
Wmunu_PTV280_500_CFilterBVeto		22.395647		1		2783968.68238		2958000
Wmunu_PTV280_500_CVetoBVeto		38.299835		1		4325283.67358		4940000
Wmunu_PTV500_1000		14.558821		1		5941704.99235		5910500
Wmunu_PTV1000_E_CMS		1.198003		1		3882898.99675		3959000
Wtaunu_PTV0_70_BFilter		837.531038		1		10498770.1084		17273200
Wtaunu_PTV0_70_CFilterBVeto		2443.425881		1		5671521.55269		9865600
Wtaunu_PTV0_70_CVetoBVeto		15324.887336		1		16726425.0218		24784000
Wtaunu_PTV70_140_BFilter		95.365521		1		3969118.20687		9857000
Wtaunu_PTV70_140_CFilterBVeto		222.595303		1		3719117.16117		9860000
Wtaunu_PTV70_140_CVetoBVeto		620.166885		1		5427023.47527		14808500
Wtaunu_PTV140_280_BFilter		34.639523		1		7291603.73991		24595900
Wtaunu_PTV140_280_CFilterBVeto		93.808553		1		5184365.13393		7415000
Wtaunu_PTV140_280_CVetoBVeto		197.370776		1		6166514.76606		9899000
Wtaunu_PTV280_500_BFilter		9.490847		1		2830341.62344		2954100
Wtaunu_PTV280_500_CFilterBVeto		22.268425		1		2772305.06916		2956400
Wtaunu_PTV280_500_CVetoBVeto		38.34009		1		4322848.66983		4931200
Wtaunu_PTV500_1000		14.60345		1		5389084.10064		5945000
Wtaunu_PTV1000_E_CMS		1.197324		1		4057477.95297		3946000
Wplusenu_1lep1tau		11500.4632		1		288804806460		25544800
Wplusmunu_1lep1tau		11500.4632		1		22564856148.4		1996000
Wplustaunu_1lep1tau		11500.4632		1		22377037617.7		1979400
Wminusenu_1lep1tau		8579.63498		1		148301360014		17905400
Wminusmunu_1lep1tau		8579.63498		1		16541864239.9		1997000
Wminustaunu_1lep1tau		8579.63498		1		16563331847		1999800
Zee_1lep1tau		1950.5295		1		116172063285		61106597
Zmumu_1lep1tau		1950.6321		1		3799531630.02		1998400
Ztautau_1lep1tau		1950.6321		1		56171652547.3		29546000
ttbar_lep_1lep1tau		452.693559		1		49296600		49296600
single_top_tchan_1lep1tau		44.152		1		0.0873624212691		1996600
single_antitop_tchan_1lep1tau		26.276		1		0.051427775374		1994200
single_top_wtchan_1lep1tau		35.845486		1		1994200		1994200
single_antitop_wtchan_1lep1tau		35.824406		1		1994000		1994000
single_top_schan_1lep1tau		2.06111		1		0.00204856751068		997800
single_antitop_schan_1lep1tau		1.288662		1		0.00125651986173		995400
Zmumu_PTV0_70_CVetoBVeto_1lep1tau		1588.474174		1		5319367.44387		7891000
Zmumu_PTV0_70_CFilterBVeto_1lep1tau		219.4826028		1		2834664.0856		4917000
Zmumu_PTV0_70_BFilter_1lep1tau		127.1303743		1		4078710.85229		7902000
Zmumu_PTV70_140_CVetoBVeto_1lep1tau		73.36940289		1		2143575.01278		5917000
Zmumu_PTV70_140_CFilterBVeto_1lep1tau		20.90606833		1		722736.703003		1969800
Zmumu_PTV70_140_BFilter_1lep1tau		12.50542972		1		2053470.59226		5900600
Zmumu_PTV140_280_CVetoBVeto_1lep1tau		23.43735064		1		2940060.231		4943000
Zmumu_PTV140_280_CFilterBVeto_1lep1tau		9.145130781		1		1961708.95573		2954400
Zmumu_PTV140_280_BFilter_1lep1tau		6.076989874		1		3441102.46707		4942300
Zmumu_PTV280_500_CVetoBVeto_1lep1tau		4.657367095		1		1705022.00352		1973000
Zmumu_PTV280_500_CFilterBVeto_1lep1tau		2.214827532		1		906361.047826		986000
Zmumu_PTV280_500_BFilter_1lep1tau		1.468357812		1		1854208.83636		1971400
Zmumu_PTV500_1000_1lep1tau		1.74260121		1		2944710.97814		2960500
Zmumu_PTV1000_E_CMS_1lep1tau		0.14392476		1		1007977.7298		988000
Zee_PTV0_70_CVetoBVeto_1lep1tau		1587.021595		1		5307644.52827		7900000
Zee_PTV0_70_CFilterBVeto_1lep1tau		219.9958116		1		2839137.81561		4940500
Zee_PTV0_70_BFilter_1lep1tau		127.0857614		1		4053053.52848		7883600
Zee_PTV70_140_CVetoBVeto_1lep1tau		74.90381742		1		2164248.98844		5925000
Zee_PTV70_140_CFilterBVeto_1lep1tau		20.3159891		1		715162.089738		1972600
Zee_PTV70_140_BFilter_1lep1tau		12.73880801		1		2043192.28295		5855000
Zee_PTV140_280_CVetoBVeto_1lep1tau		24.44184978		1		2966342.61469		4949000
Zee_PTV140_280_CFilterBVeto_1lep1tau		9.237605979		1		1976624.57582		2962600
Zee_PTV140_280_BFilter_1lep1tau		6.081254464		1		3396476.98264		4890000
Zee_PTV280_500_CVetoBVeto_1lep1tau		4.796836771		1		1622207.75969		1882800
Zee_PTV280_500_CFilterBVeto_1lep1tau		2.249186051		1		908261.497964		988900
Zee_PTV280_500_BFilter_1lep1tau		1.49219843		1		1854184.55614		1976850
Zee_PTV500_1000_1lep1tau		1.76415092		1		2942740.91362		2973000
Zee_PTV1000_E_CMS_1lep1tau		0.145046125		1		994142.027341		978000
Ztautau_PTV0_70_CVetoBVeto_1lep1tau		1612.531483		1		5261983.52635		7817000
Ztautau_PTV0_70_CFilterBVeto_1lep1tau		211.7088872		1		2848153.01809		4941000
Ztautau_PTV0_70_BFilter_1lep1tau		127.0915597		1		4060541.5209		7890600
Ztautau_PTV70_140_CVetoBVeto_1lep1tau		74.70740605		1		2168444.60741		5935500
Ztautau_PTV70_140_CFilterBVeto_1lep1tau		20.50813626		1		717613.996532		1961200
Ztautau_PTV70_140_BFilter_1lep1tau		11.96510571		1		2071490.99782		5912550
Ztautau_PTV140_280_CVetoBVeto_1lep1tau		24.57266372		1		2969289.71879		4956000
Ztautau_PTV140_280_CFilterBVeto_1lep1tau		9.301821784		1		1983172.64602		2973000
Ztautau_PTV140_280_BFilter_1lep1tau		6.192971739		1		3430451.22731		4932950
Ztautau_PTV280_500_CVetoBVeto_1lep1tau		4.759698353		1		1656090.74518		1973000
Ztautau_PTV280_500_CFilterBVeto_1lep1tau		2.236223236		1		905387.206237		986000
Ztautau_PTV280_500_BFilter_1lep1tau		1.491840072		1		1853029.9701		1974950
Ztautau_PTV500_1000_1lep1tau		1.76249325		1		2923750.21933		2944800
Ztautau_PTV1000_E_CMS_1lep1tau		0.144568326		1		997974.838867		980000
Wmunu_PTV0_70_CVetoBVeto_1lep1tau		15317.171239		1		16619290.3298		24723000
Wmunu_PTV0_70_CFilterBVeto_1lep1tau		2431.204019		1		5643599.11526		9847000
Wmunu_PTV0_70_BFilter_1lep1tau		828.465384		1		10403012.6599		17226200
Wmunu_PTV70_140_CVetoBVeto_1lep1tau		617.439593		1		5418398.88082		14788000
Wmunu_PTV70_140_CFilterBVeto_1lep1tau		225.006704		1		3693885.78953		9853800
Wmunu_PTV70_140_BFilter_1lep1tau		76.213179		1		7990084.35926		19639000
Wmunu_PTV140_280_CVetoBVeto_1lep1tau		198.635592		1		6155495.28527		9882000
Wmunu_PTV140_280_CFilterBVeto_1lep1tau		96.233222		1		5260811.17463		7408000
Wmunu_PTV140_280_BFilter_1lep1tau		36.348467		1		7271557.26566		9826000
Wmunu_PTV280_500_CVetoBVeto_1lep1tau		38.299835		1		4325283.67358		4940000
Wmunu_PTV280_500_CFilterBVeto_1lep1tau		22.395647		1		2783968.68238		2958000
Wmunu_PTV280_500_BFilter_1lep1tau		8.768196		1		2835707.22044		2959500
Wmunu_PTV500_1000_1lep1tau		14.558821		1		5941704.99235		5910500
Wmunu_PTV1000_E_CMS_1lep1tau		1.198003		1		4068015.22447		3959000
Wenu_PTV0_70_CVetoBVeto_1lep1tau		15324.216356		1		16615214.8608		24740000
Wenu_PTV0_70_CFilterBVeto_1lep1tau		2430.656322		1		5647044.71225		9853500
Wenu_PTV0_70_BFilter_1lep1tau		832.203758		1		10407897.8772		17242400
Wenu_PTV70_140_CVetoBVeto_1lep1tau		618.6882		1		5098540.19503		13950500
Wenu_PTV70_140_CFilterBVeto_1lep1tau		223.63946		1		3661915.17878		9678400
Wenu_PTV70_140_BFilter_1lep1tau		94.875534		1		3980401.78673		9801900
Wenu_PTV140_280_CVetoBVeto_1lep1tau		197.343129		1		6121546.03361		9819000
Wenu_PTV140_280_CFilterBVeto_1lep1tau		96.277568		1		5263243.42582		7410000
Wenu_PTV140_280_BFilter_1lep1tau		35.917295		1		7327201.08884		9880900
Wenu_PTV280_500_CVetoBVeto_1lep1tau		38.340533		1		4312357.01458		4923800
Wenu_PTV280_500_CFilterBVeto_1lep1tau		22.36999		1		2778654.28759		2963400
Wenu_PTV280_500_BFilter_1lep1tau		9.586345		1		2835314.68179		2958000
Wenu_PTV500_1000_1lep1tau		14.598599		1		6003269.52809		5916800
Wenu_PTV1000_E_CMS_1lep1tau		1.197518		1		4075236.23897		3947000
Wtaunu_PTV0_70_CVetoBVeto_1lep1tau		15324.887336		1		11929044.1188		17674000
Wtaunu_PTV0_70_CFilterBVeto_1lep1tau		2443.425881		1		5671521.55269		9865600
Wtaunu_PTV0_70_BFilter_1lep1tau		837.531038		1		10498770.1084		17273200
Wtaunu_PTV70_140_CVetoBVeto_1lep1tau		620.166885		1		5427023.47527		14808500
Wtaunu_PTV70_140_CFilterBVeto_1lep1tau		222.595303		1		3719117.16117		9860000
Wtaunu_PTV70_140_BFilter_1lep1tau		95.365521		1		3969118.20687		9857000
Wtaunu_PTV140_280_CVetoBVeto_1lep1tau		197.370776		1		6166514.76606		9899000
Wtaunu_PTV140_280_CFilterBVeto_1lep1tau		93.808553		1		5085280.31607		7175000
Wtaunu_PTV140_280_BFilter_1lep1tau		34.639523		1		7291603.73991		9834000
Wtaunu_PTV280_500_CVetoBVeto_1lep1tau		38.34009		1		4322848.66983		4931200
Wtaunu_PTV280_500_CFilterBVeto_1lep1tau		22.268425		1		2772305.06916		2956400
Wtaunu_PTV280_500_BFilter_1lep1tau		9.490847		1		2830341.62344		2954100
Wtaunu_PTV500_1000_1lep1tau		14.60345		1		5932750.60186		5895000
Wtaunu_PTV1000_E_CMS_1lep1tau		1.197324		1		4057477.95297		3946000
ttbar_lep_1largeRjet1lep		452.693559		1		4938660		49386600
single_top_tchan_1largeRjet1lep		44.152		1		0.218165148808		4986200
single_antitop_tchan_1largeRjet1lep		26.276		1		0.128694693283		4989800
single_top_wtchan_1largeRjet1lep		35.845486		1		4985800		4985800
single_antitop_wtchan_1largeRjet1lep		35.824406		1		4985600		4985600
single_top_schan_1largeRjet1lep		2.06111		1		0.00204856751068		997800
single_antitop_schan_1largeRjet1lep		1.288662		1		0.000277829987565		220000
Zmumu0_70CVetoBVeto_1largeRjet1lep		1588.474174		1		5319367.44387		7891000
Zmumu0_70CFilterBVeto_1largeRjet1lep		219.4826028		1		2834664.0856		4917000
Zmumu0_70BFilter_1largeRjet1lep		127.1303743		1		4078710.85229		7902000
Zmumu70_140CVetoBVeto_1largeRjet1lep		73.36940289		1		2143575.01278		5917000
Zmumu70_140CFilterBVeto_1largeRjet1lep		20.90606833		1		722736.703003		1969800
Zmumu70_140BFilter_1largeRjet1lep		12.50542972		1		2053470.59226		5900600
Zmumu140_280CVetoBVeto_1largeRjet1lep		23.43735064		1		2940060.231		4943000
Zmumu140_280CFilterBVeto_1largeRjet1lep		9.145130781		1		1961708.95573		2954400
Zmumu140_280BFilter_1largeRjet1lep		6.076989874		1		8563701.72954		12339300
Zmumu280_500CVetoBVeto_1largeRjet1lep		4.657367095		1		1705022.00352		1973000
Zmumu280_500CFilterBVeto_1largeRjet1lep		2.214827532		1		906361.047826		986000
Zmumu280_500BFilter_1largeRjet1lep		1.468357812		1		1854208.83636		1971400
Zmumu500_1000_1largeRjet1lep		1.74260121		1		2944710.97814		1
Zmumu1000_1largeRjet1lep		0.14392476		1		1007977.7298		988000
Zee_PTV0_70_CVetoBVeto_1largeRjet1lep		1587.021595		1		5307644.52827		6850000
Zee_PTV0_70_CFilterBVeto_1largeRjet1lep		219.9958116		1		2839137.81561		4940500
Zee_PTV0_70_BFilter_1largeRjet1lep		127.0857614		1		4053053.52848		7883600
Zee_PTV70_140_CVetoBVeto_1largeRjet1lep		74.90381742		1		2164248.98844		5925000
Zee_PTV70_140_CFilterBVeto_1largeRjet1lep		20.3159891		1		715162.089738		1972600
Zee_PTV70_140_BFilter_1largeRjet1lep		12.73880801		1		2043192.28295		1
Zee_PTV140_280_CVetoBVeto_1largeRjet1lep		24.44184978		1		2966342.61469		4949000
Zee_PTV140_280_CFilterBVeto_1largeRjet1lep		9.237605979		1		1976624.57582		2962600
Zee_PTV140_280_BFilter_1largeRjet1lep		6.081254464		1		3338606.00232		4800000
Zee_PTV280_500_CVetoBVeto_1largeRjet1lep		4.796836771		1		1665734.2346		1932800
Zee_PTV280_500_CFilterBVeto_1largeRjet1lep		2.249186051		1		908261.497964		988900
Zee_PTV280_500_BFilter_1largeRjet1lep		1.49219843		1		1854184.55614		1976850
Zee_PTV500_1000_1largeRjet1lep		1.76415092		1		2942740.91362		2973000
Zee_PTV1000_E_CMS_1largeRjet1lep		0.145046125		1		1004312.18015		988000
Ztautau_PTV0_70_CVetoBVeto_1largeRjet1lep		1612.531483		1		5322698.33479		7907000
Ztautau_PTV0_70_CFilterBVeto_1largeRjet1lep		211.7088872		1		2848153.01809		4941000
Ztautau_PTV0_70_BFilter_1largeRjet1lep		127.0915597		1		4060541.5209		7890600
Ztautau_PTV70_140_CVetoBVeto_1largeRjet1lep		74.70740605		1		2168444.60741		5935500
Ztautau_PTV70_140_CFilterBVeto_1largeRjet1lep		20.50813626		1		717613.996532		1961200
Ztautau_PTV70_140_BFilter_1largeRjet1lep		11.96510571		1		2071490.99782		5912550
Ztautau_PTV140_280_CVetoBVeto_1largeRjet1lep		24.57266372		1		2574043.5746		4296000
Ztautau_PTV140_280_CFilterBVeto_1largeRjet1lep		9.301821784		1		1983172.64602		2973000
Ztautau_PTV140_280_BFilter_1largeRjet1lep		6.192971739		1		3430451.22731		4932950
Ztautau_PTV280_500_CVetoBVeto_1largeRjet1lep		4.759698353		1		1656090.74518		1973000
Ztautau_PTV280_500_CFilterBVeto_1largeRjet1lep		2.236223236		1		905387.206237		986000
Ztautau_PTV280_500_BFilter_1largeRjet1lep		1.491840072		1		1853029.9701		1974950
Ztautau_PTV500_1000_1largeRjet1lep		1.76249325		1		2923750.21933		2944800
Ztautau_PTV1000_E_CMS_1largeRjet1lep		0.144568326		1		997974.838867		980000
Wmunu_PTV0_70_CVetoBVeto_1largeRjet1lep		15317.171239		1		16619290.3298		24723000
Wmunu_PTV0_70_CFilterBVeto_1largeRjet1lep		2431.204019		1		5643599.11526		9847000
Wmunu_PTV0_70_BFilter_1largeRjet1lep		828.465384		1		10403012.6599		17226200
Wmunu_PTV70_140_CVetoBVeto_1largeRjet1lep		617.439593		1		5418398.88082		14788000
Wmunu_PTV70_140_CFilterBVeto_1largeRjet1lep		225.006704		1		3693885.78953		9853800
Wmunu_PTV70_140_BFilter_1largeRjet1lep		76.213179		1		7990084.35926		19639000
Wmunu_PTV140_280_CVetoBVeto_1largeRjet1lep		198.635592		1		6155495.28527		9882000
Wmunu_PTV140_280_CFilterBVeto_1largeRjet1lep		96.233222		1		5260811.17463		7408000
Wmunu_PTV140_280_BFilter_1largeRjet1lep		36.348467		1		18222434.0789		24585000
Wmunu_PTV280_500_CVetoBVeto_1largeRjet1lep		38.299835		1		4325283.67358		4940000
Wmunu_PTV280_500_CFilterBVeto_1largeRjet1lep		22.395647		1		2783968.68238		2958000
Wmunu_PTV280_500_BFilter_1largeRjet1lep		8.768196		1		2797023.37969		2919500
Wmunu_PTV500_1000_1largeRjet1lep		14.558821		1		5941704.99235		5910500
Wmunu_PTV1000_E_CMS_1largeRjet1lep		1.198003		1		4068015.22447		3959000
Wenu_PTV0_70_CVetoBVeto_1largeRjet1lep		15324.216356		1		16615214.8608		24740000
Wenu_PTV0_70_CFilterBVeto_1largeRjet1lep		2430.656322		1		5647044.71225		9853500
Wenu_PTV0_70_BFilter_1largeRjet1lep		832.203758		1		10407897.8772		17242400
Wenu_PTV70_140_CVetoBVeto_1largeRjet1lep		618.6882		1		5359689.22316		14660500
Wenu_PTV70_140_CFilterBVeto_1largeRjet1lep		223.63946		1		3714792.41865		9818400
Wenu_PTV70_140_BFilter_1largeRjet1lep		94.875534		1		2194437.53008		5401900
Wenu_PTV140_280_CVetoBVeto_1largeRjet1lep		197.343129		1		6159276.028		9879000
Wenu_PTV140_280_CFilterBVeto_1largeRjet1lep		96.277568		1		5227943.44514		7360000
Wenu_PTV140_280_BFilter_1largeRjet1lep		35.917295		1		18298138.5816		24677800
Wenu_PTV280_500_CVetoBVeto_1largeRjet1lep		38.340533		1		4312357.01458		4923800
Wenu_PTV280_500_CFilterBVeto_1largeRjet1lep		22.36999		1		2778654.28759		2963400
Wenu_PTV280_500_BFilter_1largeRjet1lep		9.586345		1		2835314.68179		2958000
Wenu_PTV500_1000_1largeRjet1lep		14.598599		1		5998269.59452		5911800
Wenu_PTV1000_E_CMS_1largeRjet1lep		1.197518		1		4075236.23897		3947000
Wtaunu_PTV0_70_CVetoBVeto_1largeRjet1lep		15324.887336		1		16726425.0218		24784000
Wtaunu_PTV0_70_CFilterBVeto_1largeRjet1lep		2443.425881		1		5671521.55269		9865600
Wtaunu_PTV0_70_BFilter_1largeRjet1lep		837.531038		1		10498770.1084		17273200
Wtaunu_PTV70_140_CVetoBVeto_1largeRjet1lep		620.166885		1		5427023.47527		14808500
Wtaunu_PTV70_140_CFilterBVeto_1largeRjet1lep		222.595303		1		3494336.03082		9270000
Wtaunu_PTV70_140_BFilter_1largeRjet1lep		95.365521		1		3969118.20687		9857000
Wtaunu_PTV140_280_CVetoBVeto_1largeRjet1lep		197.370776		1		6166514.76606		9899000
Wtaunu_PTV140_280_CFilterBVeto_1largeRjet1lep		93.808553		1		5248104.98519		7405000
Wtaunu_PTV140_280_BFilter_1largeRjet1lep		34.639523		1		18407605.7617		24819900
Wtaunu_PTV280_500_CVetoBVeto_1largeRjet1lep		38.34009		1		4322848.66983		4931200
Wtaunu_PTV280_500_CFilterBVeto_1largeRjet1lep		22.268425		1		2772305.06916		2956400
Wtaunu_PTV280_500_BFilter_1largeRjet1lep		9.490847		1		2830341.62344		2954100
Wtaunu_PTV500_1000_1largeRjet1lep		14.60345		1		5983038.9473		5945000
Wtaunu_PTV1000_E_CMS_1largeRjet1lep		1.197324		1		4057477.95297		3946000
GG_ttn1_1200_5000_1_1largeRjet1lep		0.057037		1		101591.347734		100000
GG_ttn1_1200_5000_600_1largeRjet1lep		0.057002		1		101591.282303		100000
GG_ttn1_1400_5000_1_1largeRjet1lep		0.015756		1		101197.830825		100000
GG_ttn1_1600_5000_1_1largeRjet1lep		0.004747		1		201048.136391		199000
TT_directTT_450_1_1largeRjet1lep		0.88424		1		52247.301193		50000
TT_directTT_500_1_1largeRjet1lep		0.46603		1		20793.7352104		20000
TT_directTT_500_200_1largeRjet1lep		0.46702		1		51998.4134001		50000
TT_directTT_600_1_1largeRjet1lep		0.15518		1		71506.9188489		69000
C1N2_WZ_100p0_0p0_3L_2L7_1largeRjet1lep		15.82879625		1		26928.7771142		25000
C1N2_WZ_350p0_0p0_3L_2L7_1largeRjet1lep		0.1418528975		1		10346.0705611		10000
C1N2_WZ_400p0_0p0_3L_2L7_1largeRjet1lep		0.080689712		1		10327.8154224		10000
C1N2_WZ_500p0_0p0_3L_2L7_1largeRjet1lep		0.0301334215		1		15476.3430636		15000
